EKF: 
ekf_.Update
x_ =   1.55941
-0.138498
  1.56135
-0.138671
P_ = 0.0224995         0 0.0225275         0
        0 0.0224995         0 0.0225275
0.0225275         0     3.271         0
        0 0.0225275         0     3.271
ekf_.UpdateEKF
x_ =    1.62681
 0.0198085
   2.29279
-0.0391359
P_ =   0.0177785 -0.00140057   0.0004952 0.000134661
-0.00140057  0.00213329 0.000134661  0.00199944
  0.0004952 0.000134661     0.11234    0.278711
0.000134661  0.00199944    0.278711      3.2257
ekf_.Update
x_ =   3.89114
-0.133707
  2.24294
-0.199299
P_ =   0.0222881 1.06837e-05   0.0433009  -0.0010438
1.06837e-05   0.0224075  -0.0010438   0.0316411
  0.0433009  -0.0010438    0.247938    0.100574
 -0.0010438   0.0316411    0.100574     1.37141
ekf_.UpdateEKF
x_ =   3.96636
0.0727642
  2.41145
 0.100448
P_ =    0.0140347 -0.000132793   0.00966516  -0.00728661
-0.000132793   0.00848174  0.000202746    0.0122989
  0.00966516  0.000202746    0.0670808    0.0617567
 -0.00728661    0.0122989    0.0617567       1.3343
ekf_.Update
x_ =  6.85894
 0.41538
 3.34548
0.485008
P_ =    0.0222866  3.19782e-06    0.0434023 -0.000314295
 3.19782e-06    0.0223609 -0.000267337    0.0361456
   0.0434023 -0.000267337      0.23931    0.0261517
-0.000314295    0.0361456    0.0261517     0.942671
ekf_.UpdateEKF
x_ =  6.69101
 0.43528
 2.64028
0.324484
P_ =    0.0140756 -4.59388e-05    0.0104057  -0.00905557
-4.59388e-05    0.0146476  -0.00136662    0.0231113
   0.0104057  -0.00136662    0.0653569   -0.0317876
 -0.00905557    0.0231113   -0.0317876     0.900522
ekf_.Update
x_ =   9.07976
 0.594402
  2.14797
0.0419121
P_ =    0.0222866 -2.78853e-06    0.0433965  0.000284783
-2.78853e-06    0.0223434  0.000336369     0.037739
   0.0433965  0.000336369     0.240419   -0.0340939
 0.000284783     0.037739   -0.0340939     0.804045
ekf_.UpdateEKF
x_ =  9.09348
 0.66649
 2.39459
0.182708
P_ =    0.0139879 -0.000185171    0.0101475  -0.00160359
-0.000185171    0.0171787   -0.0011112    0.0289258
   0.0101475   -0.0011112     0.066968   -0.0463372
 -0.00160359    0.0289258   -0.0463372     0.788408
ekf_.Update
x_ = 11.5746
1.66102
2.57569
1.57072
P_ =    0.0222867 -3.34963e-06     0.043392  0.000337042
-3.34963e-06    0.0223385  0.000340859    0.0381566
    0.043392  0.000340859      0.24056   -0.0344355
 0.000337042    0.0381566   -0.0344355     0.771742
ekf_.UpdateEKF
x_ = 11.5254
1.61976
2.38091
1.45666
P_ =   0.0141709 -0.00084953    0.011355 -0.00829504
-0.00084953    0.018752 -0.00444522   0.0306755
   0.011355 -0.00444522   0.0755907  -0.0877311
-0.00829504   0.0306755  -0.0877311    0.742997
ekf_.Update
x_ =  13.5953
 2.31758
 1.75073
0.143339
P_ =    0.0222874 -6.95729e-06    0.0433053  0.000723509
-6.95729e-06    0.0223362  0.000747438    0.0383547
   0.0433053  0.000747438     0.250242   -0.0780999
 0.000723509    0.0383547   -0.0780999     0.756291
ekf_.UpdateEKF
x_ = 13.6902
  2.295
2.31223
0.19919
P_ =    0.0141325 -0.000922229    0.0108924  -0.00512176
-0.000922229    0.0196076  -0.00378632    0.0329943
   0.0108924  -0.00378632    0.0826173    -0.112258
 -0.00512176    0.0329943    -0.112258     0.741417
ekf_.Update
x_ =  16.6394
 2.89979
 3.56469
0.919827
P_ =    0.0222878 -8.35671e-06    0.0432696  0.000852175
-8.35671e-06    0.0223363  0.000861983    0.0383216
   0.0432696  0.000861983     0.253307   -0.0885898
 0.000852175    0.0383216   -0.0885898      0.76258
ekf_.UpdateEKF
x_ = 16.4806
2.87197
2.86674
0.79069
P_ =   0.0141831 -0.00114658   0.0109041 -0.00462762
-0.00114658   0.0203432 -0.00448116   0.0342662
  0.0109041 -0.00448116   0.0847573   -0.119446
-0.00462762   0.0342662   -0.119446    0.751525
ekf_.Update
x_ =  19.0137
 3.70537
 2.22115
0.850036
P_ =    0.022288 -8.8336e-06    0.043255 0.000906116
-8.8336e-06    0.022337 0.000906508   0.0382434
   0.043255 0.000906508    0.254847   -0.093882
0.000906116   0.0382434   -0.093882    0.772233
ekf_.UpdateEKF
x_ =  19.0872
 3.72566
 2.37139
0.889625
P_ =   0.0142488 -0.00134445   0.0112938  -0.0060597
-0.00134445   0.0206828 -0.00510088   0.0344637
  0.0112938 -0.00510088   0.0894689   -0.132976
 -0.0060597   0.0344637   -0.132976    0.758697
ekf_.Update
x_ = 21.3324
4.73126
2.13208
1.08218
P_ =    0.0222884 -9.86598e-06    0.0432154   0.00101318
-9.86598e-06    0.0223373   0.00101906    0.0382092
   0.0432154   0.00101906     0.259102    -0.105668
  0.00101318    0.0382092    -0.105668     0.776185
ekf_.UpdateEKF
x_ = 21.4286
4.75084
2.49543
1.17627
P_ =   0.0143423 -0.00157772   0.0117267  -0.0071498
-0.00157772   0.0208738 -0.00585727   0.0344295
  0.0117267 -0.00585727   0.0968376   -0.151114
 -0.0071498   0.0344295   -0.151114    0.759938
ekf_.Update
x_ =  24.0774
 5.57218
 2.77364
0.577105
P_ =    0.0222889 -1.12025e-05    0.0431571   0.00115127
-1.12025e-05    0.0223373    0.0011592    0.0382151
   0.0431571    0.0011592     0.265278    -0.120315
  0.00115127    0.0382151    -0.120315     0.775826
ekf_.UpdateEKF
x_ =  24.1858
  5.6064
 3.00242
0.645809
P_ =    0.014353 -0.00163516   0.0114954 -0.00626931
-0.00163516   0.0210914  -0.0057548   0.0350329
  0.0114954  -0.0057548     0.10088   -0.160585
-0.00626931   0.0350329   -0.160585    0.763284
ekf_.Update
x_ = 26.6103
 6.9562
1.92283
1.81777
P_ =    0.0222892 -1.17492e-05    0.0431359   0.00120312
-1.17492e-05    0.0223374   0.00120678    0.0381912
   0.0431359   0.00120678     0.267182    -0.124874
  0.00120312    0.0381912    -0.124874     0.778904
ekf_.UpdateEKF
x_ =  26.669
6.97227
2.35693
1.97056
P_ =   0.0145183 -0.00195187   0.0124521 -0.00847446
-0.00195187   0.0210934 -0.00708526   0.0342511
  0.0124521 -0.00708526    0.109686   -0.178031
-0.00847446   0.0342511   -0.178031    0.758571
ekf_.Update
x_ =  29.5817
 8.09376
 3.37762
0.551069
P_ =    0.0222899 -1.31661e-05     0.043056   0.00135546
-1.31661e-05     0.022337   0.00136322    0.0382462
    0.043056   0.00136322     0.275987    -0.141814
  0.00135546    0.0382462    -0.141814      0.77291
ekf_.UpdateEKF
x_ =  29.5272
  8.0839
 3.09355
0.476262
P_ =   0.0145024 -0.00195274   0.0120052  -0.0073126
-0.00195274   0.0212408 -0.00664921   0.0349638
  0.0120052 -0.00664921    0.115068   -0.188213
 -0.0073126   0.0349638   -0.188213    0.757734
ekf_.Update
x_ = 31.9471
9.87101
1.87747
2.67748
P_ =    0.0222902 -1.37217e-05    0.0430311   0.00140439
-1.37217e-05    0.0223369   0.00140944    0.0382432
   0.0430311   0.00140944     0.278033    -0.145816
  0.00140439    0.0382432    -0.145816     0.773955
ekf_.UpdateEKF
x_ = 31.9327
 9.8606
1.98702
2.72197
P_ =   0.0147421 -0.00232069   0.0133872 -0.00986487
-0.00232069   0.0210959 -0.00827007   0.0336134
  0.0133872 -0.00827007    0.126821   -0.207052
-0.00986487   0.0336134   -0.207052    0.747359
ekf_.Update
x_ =  34.6105
 10.7121
 3.18212
-0.43961
P_ =    0.0222912 -1.52858e-05    0.0429217   0.00157443
-1.52858e-05     0.022336     0.001583     0.038344
   0.0429217     0.001583      0.29017    -0.164801
  0.00157443     0.038344    -0.164801     0.762825
ekf_.UpdateEKF
x_ =   34.6942
  10.7409
  3.28846
-0.400635
P_ =   0.0146213 -0.00216974   0.0121301 -0.00730226
-0.00216974   0.0212804 -0.00715094   0.0350621
  0.0121301 -0.00715094    0.129374   -0.211424
-0.00730226   0.0350621   -0.211424    0.748011
ekf_.Update
x_ =  37.147
12.0762
1.80289
2.51738
P_ =    0.0222912 -1.53046e-05    0.0429338   0.00156334
-1.53046e-05    0.0223362   0.00156591    0.0383126
   0.0429338   0.00156591     0.287809    -0.161739
  0.00156334    0.0383126    -0.161739     0.767279
ekf_.UpdateEKF
x_ = 37.2622
12.1165
2.20228
2.66498
P_ =    0.014806 -0.00243688   0.0132815 -0.00918183
-0.00243688   0.0211542 -0.00853461     0.03396
  0.0132815 -0.00853461    0.134831   -0.219443
-0.00918183     0.03396   -0.219443    0.744288
ekf_.Update
x_ =  40.3215
 13.4756
 3.75195
0.486493
P_ =    0.0222917 -1.60701e-05    0.0428714   0.00165315
-1.60701e-05    0.0223358   0.00165569    0.0383651
   0.0428714   0.00165569     0.295111    -0.172228
  0.00165315    0.0383651    -0.172228     0.761067
ekf_.UpdateEKF
x_ =  40.1874
 13.4356
 3.19818
0.304321
P_ =   0.0147594  -0.0023865   0.0127821 -0.00843033
 -0.0023865   0.0212556 -0.00793904   0.0345823
  0.0127821 -0.00793904    0.138951   -0.225414
-0.00843033   0.0345823   -0.225414    0.741982
ekf_.Update
x_ = 42.7713
14.8219
2.10018
2.11606
P_ =   0.0222919 -1.6366e-05   0.0428563  0.00167512
-1.6366e-05   0.0223357  0.00167921   0.0383689
  0.0428563  0.00167921    0.296095   -0.173802
 0.00167512   0.0383689   -0.173802    0.761347
ekf_.UpdateEKF
x_ = 42.7953
14.8339
2.36735
2.22728
P_ =   0.0148851 -0.00255401   0.0134355 -0.00929469
-0.00255401   0.0211657 -0.00875978   0.0339586
  0.0134355 -0.00875978    0.144004    -0.23219
-0.00929469   0.0339586    -0.23219    0.738025
ekf_.Update
x_ = 45.3558
 16.556
2.69807
 1.3738
P_ =   0.0222923 -1.6938e-05   0.0428078   0.0017398
-1.6938e-05   0.0223353  0.00174228   0.0384111
  0.0428078  0.00174228    0.301552   -0.180983
  0.0017398   0.0384111   -0.180983     0.75657
ekf_.UpdateEKF
x_ = 45.4025
16.5715
2.77653
1.39892
P_ =   0.0149396 -0.00262455   0.0136368  -0.0096893
-0.00262455   0.0211445 -0.00881916   0.0338169
  0.0136368 -0.00881916    0.151362   -0.241457
 -0.0096893   0.0338169   -0.241457    0.731409
ekf_.Update
x_ =  48.1549
 17.2885
  2.6738
0.222655
P_ =    0.0222928 -1.75892e-05    0.0427552   0.00180372
-1.75892e-05    0.0223348   0.00180939    0.0384589
   0.0427552   0.00180939     0.306907    -0.187636
  0.00180372    0.0384589    -0.187636     0.751783
ekf_.UpdateEKF
x_ =  48.1526
 17.2906
 2.76765
0.258787
P_ =   0.0148888 -0.00257015   0.0129663  -0.0083403
-0.00257015   0.0212191 -0.00856503   0.0345274
  0.0129663 -0.00856503    0.150667   -0.240788
 -0.0083403   0.0345274   -0.240788    0.733026
ekf_.Update
x_ = 50.6243
19.0612
2.32276
2.83625
P_ =    0.0222927 -1.74277e-05    0.0427746   0.00178476
-1.74277e-05     0.022335   0.00178378    0.0384342
   0.0427746   0.00178378     0.304443    -0.184778
  0.00178476    0.0384342    -0.184778     0.754833
ekf_.UpdateEKF
x_ = 50.5741
19.0396
2.12026
2.74775
P_ =   0.0150421 -0.00275016   0.0140628  -0.0101009
-0.00275016   0.0210889 -0.00936852   0.0334408
  0.0140628 -0.00936852    0.156632   -0.247831
 -0.0101009   0.0334408   -0.247831    0.727254
ekf_.Update
x_ =   53.7188
  19.9113
  3.92369
-0.399211
P_ =    0.0222933 -1.80817e-05    0.0427105   0.00185762
-1.80817e-05    0.0223345   0.00186125    0.0384967
   0.0427105   0.00186125     0.311778    -0.193388
  0.00185762    0.0384967    -0.193388     0.747681
ekf_.UpdateEKF
x_ =   53.6036
  19.8704
  3.35059
-0.596713
P_ =   0.0149214 -0.00261703   0.0129887 -0.00841254
-0.00261703   0.0212284 -0.00859519   0.0345616
  0.0129887 -0.00859519    0.155736   -0.246923
-0.00841254   0.0345616   -0.246923    0.728766
ekf_.Update
x_ = 56.0393
21.0797
 1.7467
2.43736
P_ =     0.022293 -1.78431e-05    0.0427408   0.00182535
-1.78431e-05    0.0223347   0.00182536    0.0384625
   0.0427408   0.00182536     0.307792    -0.188888
  0.00182535    0.0384625    -0.188888     0.752109
ekf_.UpdateEKF
x_ = 56.0303
21.0766
1.84826
2.48012
P_ =   0.0150375 -0.00275378    0.013814 -0.00955158
-0.00275378   0.0211264 -0.00936693   0.0337577
   0.013814 -0.00936693    0.157503   -0.249056
-0.00955158   0.0337577   -0.249056    0.727499
ekf_.Update
x_ =   58.6574
  21.7945
  3.19098
-0.490807
P_ =    0.0222933 -1.81198e-05    0.0427103   0.00186102
-1.81198e-05    0.0223345   0.00186114    0.0384901
   0.0427103   0.00186114     0.311612    -0.193354
  0.00186102    0.0384901    -0.193354     0.748608
ekf_.UpdateEKF
x_ =   58.6557
  21.7952
  3.18784
-0.489682
P_ =   0.0149364  -0.0026402   0.0130736 -0.00853768
 -0.0026402   0.0212405 -0.00868532   0.0345193
  0.0130736 -0.00868532    0.156161   -0.247587
-0.00853768   0.0345193   -0.247587    0.729228
ekf_.Update
x_ =   60.88
22.7775
1.46367
1.96482
P_ =   0.0222931 -1.7898e-05   0.0427363   0.0018317
-1.7898e-05   0.0223347  0.00183172   0.0384618
  0.0427363  0.00183172    0.308327   -0.189628
  0.0018317   0.0384618   -0.189628    0.752155
ekf_.UpdateEKF
x_ = 60.9212
22.7934
1.85302
2.11738
P_ =   0.0150195 -0.00273851    0.013667 -0.00933323
-0.00273851   0.0211677 -0.00926746   0.0339441
   0.013667 -0.00926746     0.15691   -0.248521
-0.00933323   0.0339441   -0.248521    0.728815
ekf_.Update
x_ =   63.3777
  23.4175
  2.88318
-0.404398
P_ =   0.0222932 -1.8057e-05   0.0427177  0.00185376
-1.8057e-05   0.0223346  0.00185336   0.0384783
  0.0427177  0.00185336    0.310747    -0.19247
 0.00185376   0.0384783    -0.19247    0.749961
ekf_.UpdateEKF
x_ =    63.438
  23.4411
  2.88904
-0.396927
P_ =   0.0149366 -0.00264405   0.0130892 -0.00855114
-0.00264405   0.0212604 -0.00871526    0.034535
  0.0130892 -0.00871526    0.155348   -0.246753
-0.00855114    0.034535   -0.246753    0.730605
ekf_.Update
x_ = 66.3394
23.9889
2.99151
1.23061
P_ =     0.022293 -1.78416e-05    0.0427414   0.00182657
-1.78416e-05    0.0223348   0.00182629    0.0384533
   0.0427414   0.00182629     0.307845    -0.189137
  0.00182657    0.0384533    -0.189137     0.753025
ekf_.UpdateEKF
x_ =  66.1698
  23.928
 2.27245
0.979978
P_ =    0.014937 -0.00264624   0.0131291 -0.00848905
-0.00264624   0.0212704 -0.00886876   0.0345165
  0.0131291 -0.00886876    0.152272   -0.243171
-0.00848905   0.0345165   -0.243171    0.733898
ekf_.Update
x_ =   68.2641
  24.3623
  1.88593
0.0264449
P_ =    0.0222928 -1.76068e-05    0.0427605   0.00180545
-1.76068e-05     0.022335   0.00180276    0.0384327
   0.0427605   0.00180276     0.306029    -0.187018
  0.00180545    0.0384327    -0.187018     0.755017
ekf_.UpdateEKF
x_ =  68.4083
 24.4139
 2.41735
0.211591
P_ =   0.0148986 -0.00260085   0.0130083  -0.0084242
-0.00260085   0.0213144 -0.00863633   0.0346437
  0.0130083 -0.00863633    0.150021   -0.240488
 -0.0084242   0.0346437   -0.240488    0.736352
ekf_.Update
x_ =  70.8273
 24.8825
 2.44138
0.653689
P_ =    0.0222927 -1.74031e-05    0.0427784   0.00178318
-1.74031e-05    0.0223352   0.00178208    0.0384136
   0.0427784   0.00178208     0.304119    -0.184722
  0.00178318    0.0384136    -0.184722     0.757051
ekf_.UpdateEKF
x_ =  70.7719
 24.8623
 2.21238
0.574157
P_ =   0.0148828 -0.00258256   0.0129671  -0.0083463
-0.00258256   0.0213373 -0.00861026    0.034697
  0.0129671 -0.00861026    0.147744   -0.237713
 -0.0083463    0.034697   -0.237713    0.738779
ekf_.Update
x_ =  72.8937
 24.7189
 1.98073
-0.66671
P_ =    0.0222925 -1.72083e-05    0.0427943   0.00176399
-1.72083e-05    0.0223354   0.00176229    0.0383967
   0.0427943   0.00176229     0.302512    -0.182756
  0.00176399    0.0383967    -0.182756     0.758775
ekf_.UpdateEKF
x_ =   72.9793
  24.7486
  2.30324
-0.563115
P_ =   0.0148101 -0.00248863   0.0125574 -0.00767165
-0.00248863   0.0214154  -0.0082185   0.0351062
  0.0125574  -0.0082185    0.143075   -0.231771
-0.00767165   0.0351062   -0.231771    0.743397
ekf_.Update
x_ = 75.0039
25.2518
1.85107
1.24631
P_ =    0.0222921 -1.67335e-05    0.0428343    0.0017135
-1.67335e-05    0.0223357   0.00171043    0.0383569
   0.0428343   0.00171043     0.298176    -0.177201
   0.0017135    0.0383569    -0.177201     0.763103
ekf_.UpdateEKF
x_ = 74.9802
25.2434
1.75283
1.21262
P_ =   0.0148311 -0.00251835   0.0128835  -0.0082941
-0.00251835   0.0213987 -0.00844673   0.0347969
  0.0128835 -0.00844673    0.141457   -0.229705
 -0.0082941   0.0347969   -0.229705    0.745232
ekf_.Update
x_ =   77.12
24.9405
 2.3784
-1.3595
P_ =    0.0222921 -1.66529e-05    0.0428378   0.00170838
-1.66529e-05    0.0223358   0.00170702    0.0383521
   0.0428378   0.00170702     0.298123    -0.177162
  0.00170838    0.0383521    -0.177162     0.763305
ekf_.UpdateEKF
x_ =  77.1134
 24.9402
 2.23022
-1.39709
P_ =   0.0147304 -0.00238024   0.0122477 -0.00721206
-0.00238024   0.0215042 -0.00779001   0.0354237
  0.0122477 -0.00779001    0.136704   -0.223278
-0.00721206   0.0354237   -0.223278    0.749844
ekf_.Update
x_ =   79.11
25.0262
1.89208
1.12899
P_ =    0.0222917 -1.60982e-05    0.0428835   0.00164716
-1.60982e-05    0.0223362   0.00164424    0.0383071
   0.0428835   0.00164424     0.293008    -0.170213
  0.00164716    0.0383071    -0.170213     0.768351
ekf_.UpdateEKF
x_ = 79.0734
25.0141
1.62212
1.04644
P_ =   0.0147412 -0.00239754   0.0125046 -0.00766618
-0.00239754   0.0214967 -0.00804042   0.0351894
  0.0125046 -0.00804042    0.133547   -0.218933
-0.00766618   0.0351894   -0.218933    0.753213
ekf_.Update
x_ =   80.8072
  24.8774
  1.74951
-0.973502
P_ =    0.0222915 -1.58545e-05    0.0428985   0.00162639
-1.58545e-05    0.0223364   0.00162357    0.0382907
   0.0428985   0.00162357     0.291766    -0.168504
  0.00162639    0.0382907    -0.168504     0.769748
ekf_.UpdateEKF
x_ =   80.8647
  24.8947
  1.84799
-0.943155
P_ =   0.0146738 -0.00229972   0.0121734 -0.00717745
-0.00229972   0.0215671 -0.00755581   0.0355168
  0.0121734 -0.00755581    0.130245   -0.214184
-0.00717745   0.0355168   -0.214184     0.75658
ekf_.Update
x_ =   82.622
 24.6344
 1.72251
0.219905
P_ =    0.0222912 -1.54649e-05     0.042928   0.00158325
-1.54649e-05    0.0223367   0.00158137    0.0382609
    0.042928   0.00158137     0.288513    -0.163791
  0.00158325    0.0382609    -0.163791     0.773033
ekf_.UpdateEKF
x_ = 82.5827
24.6234
1.52136
0.16505
P_ =   0.0146524 -0.00226768   0.0121378 -0.00706413
-0.00226768   0.0215917 -0.00754172   0.0355623
  0.0121378 -0.00754172    0.126608   -0.208786
-0.00706413   0.0355623   -0.208786    0.760292
ekf_.Update
x_ =   84.1729
  24.5521
  1.63723
-0.234728
P_ =     0.022291 -1.50928e-05    0.0429527   0.00154699
-1.50928e-05    0.0223369   0.00154385    0.0382356
   0.0429527   0.00154385      0.28605    -0.160104
  0.00154699    0.0382356    -0.160104      0.77556
ekf_.UpdateEKF
x_ =  84.1797
 24.5533
 1.63712
-0.23578
P_ =   0.0146188 -0.00221623   0.0120604 -0.00702015
-0.00221623   0.0216275 -0.00733137   0.0356426
  0.0120604 -0.00733137    0.123936   -0.204689
-0.00702015   0.0356426   -0.204689    0.763072
ekf_.Update
x_ =  85.6398
 23.8118
 1.26079
-1.11328
P_ =    0.0222908 -1.47978e-05    0.0429722    0.0015161
-1.47978e-05    0.0223371   0.00151429    0.0382155
   0.0429722   0.00151429     0.284019    -0.156964
   0.0015161    0.0382155    -0.156964     0.777653
ekf_.UpdateEKF
x_ =  85.7256
 23.8349
 1.54821
-1.04032
P_ =   0.0145569 -0.00211377   0.0117248 -0.00629633
-0.00211377   0.0216922 -0.00693695   0.0359742
  0.0117248 -0.00693695    0.119301   -0.197237
-0.00629633   0.0359742   -0.197237    0.767574
ekf_.Update
x_ =  86.9475
  23.522
0.966863
0.181192
P_ =    0.0222904 -1.42184e-05    0.0430103   0.00145549
-1.42184e-05    0.0223375   0.00145175    0.0381781
   0.0430103   0.00145175     0.279954    -0.150367
  0.00145549    0.0381781    -0.150367     0.781657
ekf_.UpdateEKF
x_ =  87.0599
 23.5518
 1.13591
0.227366
P_ =   0.0145438 -0.00209322   0.0118234 -0.00657443
-0.00209322   0.0217064 -0.00696562   0.0358876
  0.0118234 -0.00696562    0.116249   -0.192163
-0.00657443   0.0358876   -0.192163    0.770774
ekf_.Update
x_ =  88.8174
 22.7937
 2.27202
-1.41572
P_ =    0.0222902 -1.38974e-05    0.0430283   0.00142473
-1.38974e-05    0.0223377   0.00142209    0.0381592
   0.0430283   0.00142209     0.278249    -0.147505
  0.00142473    0.0381592    -0.147505      0.78346
ekf_.UpdateEKF
x_ = 88.6883
22.7621
1.74243
-1.5345
P_ =   0.0144697 -0.00195948   0.0114273 -0.00572485
-0.00195948   0.0217835 -0.00637453   0.0362747
  0.0114273 -0.00637453    0.111698   -0.184155
-0.00572485   0.0362747   -0.184155    0.775173
ekf_.Update
x_ =   89.5048
  22.3009
0.0195023
 0.240042
P_ =    0.0222899 -1.32572e-05    0.0430673    0.0013561
-1.32572e-05     0.022338   0.00135252     0.038121
   0.0430673   0.00135252     0.274019    -0.139987
   0.0013561     0.038121    -0.139987     0.787611
ekf_.UpdateEKF
x_ =   89.634
 22.3336
0.577943
  0.3734
P_ =   0.0144668 -0.00195609   0.0115852 -0.00612679
-0.00195609   0.0217865 -0.00652759   0.0361318
  0.0115852 -0.00652759    0.108829   -0.178932
-0.00612679   0.0361318   -0.178932     0.77823
ekf_.Update
x_ =   90.511
  21.675
 1.09378
-1.36904
P_ =    0.0222897 -1.29439e-05    0.0430827   0.00132743
-1.29439e-05    0.0223382   0.00132458    0.0381044
   0.0430827   0.00132458     0.272632    -0.137441
  0.00132743    0.0381044    -0.137441     0.789115
ekf_.UpdateEKF
x_ =  90.6023
 21.6977
 1.31755
-1.31553
P_ =   0.0144112  -0.0018477    0.011316 -0.00556898
 -0.0018477   0.0218434 -0.00602312   0.0363941
   0.011316 -0.00602312      0.1057   -0.172941
-0.00556898   0.0363941   -0.172941    0.781361
ekf_.Update
x_ =    91.7193
   21.1101
  0.971843
-0.0863868
P_ =   0.0222894 -1.2465e-05   0.0431096  0.00127543
-1.2465e-05   0.0223385  0.00127303   0.0380777
  0.0431096  0.00127303    0.269709   -0.131792
 0.00127543   0.0380777   -0.131792     0.79203
ekf_.UpdateEKF
x_ =    91.7765
   21.1242
  0.980908
-0.0793716
P_ =   0.0143936 -0.00181233   0.0113081  -0.0055263
-0.00181233   0.0218625 -0.00600308   0.0364106
  0.0113081 -0.00600308     0.10271   -0.166989
 -0.0055263   0.0364106   -0.166989    0.784418
ekf_.Update
x_ =    92.859
  20.9543
   1.1723
-0.227902
P_ =    0.0222892 -1.20601e-05    0.0431295   0.00123592
-1.20601e-05    0.0223387   0.00123279    0.0380573
   0.0431295   0.00123279     0.267741    -0.127831
  0.00123592    0.0380573    -0.127831      0.79405
ekf_.UpdateEKF
x_ =   92.9079
  20.9655
  1.07757
-0.245694
P_ =   0.0143749 -0.00177429   0.0113035 -0.00563372
-0.00177429   0.0218822 -0.00586267   0.0364174
  0.0113035 -0.00586267    0.101036   -0.163543
-0.00563372   0.0364174   -0.163543    0.786215
ekf_.Update
x_ =    93.472
  20.2194
0.0560224
  -1.1264
P_ =    0.0222891 -1.18244e-05    0.0431408   0.00121155
-1.18244e-05    0.0223388   0.00121019    0.0380454
   0.0431408   0.00121019     0.266596    -0.125453
  0.00121155    0.0380454    -0.125453      0.79526
ekf_.UpdateEKF
x_ =  93.6323
  20.254
0.800878
-0.98001
P_ =   0.0143388  -0.0016949   0.0111102 -0.00509564
 -0.0016949   0.0219192 -0.00554604   0.0366074
  0.0111102 -0.00554604   0.0984125    -0.15792
-0.00509564   0.0366074    -0.15792    0.788803
ekf_.Update
x_ =   95.3143
  19.6553
  2.52761
-0.284208
P_ =   0.0222889 -1.1386e-05   0.0431624  0.00116553
-1.1386e-05    0.022339  0.00116292   0.0380239
  0.0431624  0.00116292    0.264281   -0.120449
 0.00116553   0.0380239   -0.120449    0.797555
ekf_.UpdateEKF
x_ =   95.0094
  19.5941
  1.23197
-0.524167
P_ =   0.0143105 -0.00163008   0.0110196 -0.00484238
-0.00163008   0.0219497 -0.00535277   0.0367029
  0.0110196 -0.00535277   0.0954769   -0.151339
-0.00484238   0.0367029   -0.151339    0.791719
ekf_.Update
x_ =   95.5105
  19.6943
-0.152303
 0.500752
P_ =    0.0222887 -1.09117e-05    0.0431838   0.00111739
-1.09117e-05    0.0223392   0.00111423    0.0380025
   0.0431838   0.00111423     0.262079    -0.115453
  0.00111739    0.0380025    -0.115453     0.799765
ekf_.UpdateEKF
x_ =  95.6121
 19.7152
 0.43035
0.621647
P_ =   0.0143206 -0.00165506   0.0112066 -0.00551369
-0.00165506   0.0219393  -0.0055427   0.0365194
  0.0112066  -0.0055427   0.0949914   -0.150238
-0.00551369   0.0365194   -0.150238     0.79235
ekf_.Update
x_ =  96.2625
  19.168
0.797251
-1.35544
P_ =    0.0222887 -1.08968e-05     0.043183   0.00111807
-1.08968e-05    0.0223392   0.00111765    0.0380026
    0.043183   0.00111765     0.262317    -0.116015
  0.00111807    0.0380026    -0.116015       0.7996
ekf_.UpdateEKF
x_ =  96.3223
 19.1789
 0.97708
-1.32316
P_ =   0.0142813 -0.00156063   0.0109467 -0.00474743
-0.00156063   0.0219796 -0.00506988    0.036775
  0.0109467 -0.00506988   0.0932824   -0.146195
-0.00474743    0.036775   -0.146195    0.794034
ekf_.Update
x_ =  97.5261
 18.7206
 1.45884
0.158665
P_ =    0.0222885 -1.05374e-05    0.0432001     0.001078
-1.05374e-05    0.0223394   0.00107642    0.0379857
   0.0432001   0.00107642      0.26038    -0.111415
    0.001078    0.0379857    -0.111415      0.80152
ekf_.UpdateEKF
x_ =  97.4439
 18.7035
 1.01503
0.077536
P_ =   0.0142726 -0.00153927   0.0109527 -0.00472436
-0.00153927   0.0219897 -0.00510094   0.0367761
  0.0109527 -0.00510094   0.0913319   -0.141443
-0.00472436   0.0367761   -0.141443    0.796017
ekf_.Update
x_ =    98.213
  18.3769
 0.518857
-0.621104
P_ =    0.0222884 -1.02186e-05    0.0432128   0.00104739
-1.02186e-05    0.0223395   0.00104486    0.0379727
   0.0432128   0.00104486     0.259139    -0.108364
  0.00104739    0.0379727    -0.108364     0.802794
ekf_.UpdateEKF
x_ =  98.2756
 18.3879
0.779834
-0.57614
P_ =   0.0142526 -0.00148879   0.0108992 -0.00464888
-0.00148879   0.0220101  -0.0048907   0.0368293
  0.0108992  -0.0048907   0.0899105   -0.137853
-0.00464888   0.0368293   -0.137853    0.797489
ekf_.Update
x_ =  99.0367
 17.3602
0.722474
-1.34425
P_ =    0.0222883 -9.95584e-06    0.0432235   0.00101961
-9.95584e-06    0.0223396   0.00101825    0.0379618
   0.0432235   0.00101825     0.258018    -0.105509
  0.00101961    0.0379618    -0.105509      0.80394
ekf_.UpdateEKF
x_ =  99.0751
 17.3664
 1.02804
-1.30161
P_ =   0.0142157 -0.00138641    0.010691 -0.00390319
-0.00138641   0.0220485 -0.00448333   0.0370328
   0.010691 -0.00448333   0.0871404   -0.130494
-0.00390319   0.0370328   -0.130494     0.80011
ekf_.Update
x_ =  99.9975
 16.9817
0.863033
0.250894
P_ =    0.0222881 -9.38027e-06    0.0432463  0.000959297
-9.38027e-06    0.0223398   0.00095592    0.0379396
   0.0432463   0.00095592     0.255568   -0.0989247
 0.000959297    0.0379396   -0.0989247     0.806315
ekf_.UpdateEKF
x_ =  100.056
 16.9914
0.862789
0.252413
P_ =   0.0142116 -0.00137721   0.0107785 -0.00427183
-0.00137721   0.0220528 -0.00457719   0.0369548
  0.0107785 -0.00457719   0.0855334   -0.126043
-0.00427183   0.0369548   -0.126043     0.80183
ekf_.Update
x_ =   101.201
  16.5418
  1.38105
-0.927518
P_ =     0.022288 -9.11256e-06    0.0432551   0.00093435
-9.11256e-06    0.0223399  0.000932213    0.0379302
   0.0432551  0.000932213     0.254779   -0.0967141
  0.00093435    0.0379302   -0.0967141     0.807178
ekf_.UpdateEKF
x_ =   101.157
  16.5345
  1.13968
-0.963097
P_ =   0.0141858 -0.00130114   0.0106618  -0.0039198
-0.00130114   0.0220798 -0.00422989   0.0370696
  0.0106618 -0.00422989   0.0840157   -0.121641
 -0.0039198   0.0370696   -0.121641     0.80338
ekf_.Update
x_ =  102.386
 16.3933
 1.34601
0.435615
P_ =   0.0222879 -8.7662e-06   0.0432678 0.000896953
-8.7662e-06     0.02234  0.00089529   0.0379174
  0.0432678  0.00089529    0.253403  -0.0926864
0.000896953   0.0379174  -0.0926864    0.808568
ekf_.UpdateEKF
x_ =  102.277
 16.3746
0.987376
0.377426
P_ =   0.0141866 -0.00130453   0.0107222 -0.00415687
-0.00130453     0.02208 -0.00434586   0.0370144
  0.0107222 -0.00434586    0.083128   -0.118998
-0.00415687   0.0370144   -0.118998    0.804351
ekf_.Update
x_ =  103.006
 15.3631
0.431208
-1.99018
P_ =    0.0222878 -8.61308e-06    0.0432723  0.000883356
-8.61308e-06    0.0223401  0.000881973    0.0379124
   0.0432723  0.000881973     0.253013   -0.0915199
 0.000883356    0.0379124   -0.0915199     0.809011
ekf_.UpdateEKF
x_ =  103.065
 15.3701
 1.03394
-1.92442
P_ =   0.0141465 -0.00117339   0.0104795 -0.00320465
-0.00117339   0.0221211 -0.00372926   0.0372474
  0.0104795 -0.00372926   0.0809247   -0.112061
-0.00320465   0.0372474   -0.112061    0.806393
ekf_.Update
x_ = 104.114
15.2579
1.13046
1.14999
P_ =    0.0222876 -8.03598e-06    0.0432923  0.000820629
-8.03598e-06    0.0223403  0.000817846    0.0378933
   0.0432923  0.000817846      0.25081   -0.0845127
 0.000820629    0.0378933   -0.0845127     0.811122
ekf_.UpdateEKF
x_ = 104.057
15.2486
1.01316
1.13102
P_ =   0.0141584 -0.00121603   0.0106488 -0.00392783
-0.00121603   0.0221096 -0.00410667   0.0370907
  0.0106488 -0.00410667    0.080089   -0.109354
-0.00392783   0.0370907   -0.109354    0.807362
ekf_.Update
x_ = 105.537
14.4548
1.84801
-2.1162
P_ =    0.0222876 -7.93101e-06     0.043294  0.000814546
-7.93101e-06    0.0223403  0.000812933    0.0378907
    0.043294  0.000812933     0.250793   -0.0844766
 0.000814546    0.0378907   -0.0844766     0.811228
ekf_.UpdateEKF
x_ =  105.451
 14.4425
 1.54307
-2.15345
P_ =   0.0141177 -0.00107151   0.0104009 -0.00292218
-0.00107151   0.0221519 -0.00337047   0.0373293
  0.0104009 -0.00337047   0.0783047   -0.103197
-0.00292218   0.0373293   -0.103197     0.80904
ekf_.Update
x_ =  106.832
 14.0358
 1.28789
0.802138
P_ =    0.0222875 -7.39342e-06    0.0433114  0.000754364
-7.39342e-06    0.0223405   0.00075221     0.037874
   0.0433114   0.00075221     0.248835   -0.0776603
 0.000754364     0.037874   -0.0776603     0.813124
ekf_.UpdateEKF
x_ =  106.776
  14.029
 1.24487
0.796471
P_ =   0.0141224 -0.00109103    0.010501 -0.00333484
-0.00109103   0.0221481 -0.00365766   0.0372427
   0.010501 -0.00365766   0.0770903  -0.0988381
-0.00333484   0.0372427  -0.0988381    0.810373
ekf_.Update
x_ =  108.083
 13.6686
  1.3283
-1.16224
P_ =    0.0222874 -7.14974e-06    0.0433171  0.000733823
-7.14974e-06    0.0223405  0.000731367    0.0378675
   0.0433171  0.000731367     0.248364   -0.0759593
 0.000733823    0.0378675   -0.0759593     0.813679
ekf_.UpdateEKF
x_ =  108.126
 13.6738
 1.55755
-1.13673
P_ =   0.0141012 -0.00100962   0.0104076  -0.0030142
-0.00100962   0.0221703 -0.00324941   0.0373334
  0.0104076 -0.00324941   0.0761103  -0.0951232
 -0.0030142   0.0373334  -0.0951232    0.811407
ekf_.Update
x_ = 109.535
13.5641
1.30224
0.59887
P_ =    0.0222873 -6.84703e-06    0.0433258  0.000700008
-6.84703e-06    0.0223406  0.000698901    0.0378585
   0.0433258  0.000698901     0.247406   -0.0722946
 0.000700008    0.0378585   -0.0722946      0.81466
ekf_.UpdateEKF
x_ =  109.514
 13.5607
 1.33611
0.601308
P_ =    0.014105 -0.00102546   0.0104649 -0.00327464
-0.00102546   0.0221677 -0.00343106   0.0372811
  0.0104649 -0.00343106   0.0755649  -0.0930053
-0.00327464   0.0372811  -0.0930053    0.812032
ekf_.Update
x_ =  111.061
 12.5925
 1.69752
-2.05147
P_ =    0.0222873 -6.73584e-06    0.0433281  0.000691184
-6.73584e-06    0.0223407  0.000689947    0.0378558
   0.0433281  0.000689947     0.247236   -0.0716326
 0.000691184    0.0378558   -0.0716326      0.81488
ekf_.UpdateEKF
x_ =  111.143
 12.6024
 1.86465
-2.03162
P_ =    0.0140737 -0.000889853    0.0102703  -0.00227295
-0.000889853    0.0222006  -0.00277497    0.0374671
   0.0102703  -0.00277497    0.0739378   -0.0862626
 -0.00227295    0.0374671   -0.0862626     0.813501
ekf_.Update
x_ = 112.913
12.4742
1.73515
1.18981
P_ =   0.0222871 -6.1654e-06   0.0433432 0.000628694
-6.1654e-06   0.0223408 0.000626085   0.0378415
  0.0433432 0.000626085    0.245561  -0.0646069
0.000628694   0.0378415  -0.0646069     0.81647
ekf_.UpdateEKF
x_ =  112.89
12.4723
1.65476
1.18219
P_ =     0.014082 -0.000930772     0.010394  -0.00295986
-0.000930772    0.0221931  -0.00315196    0.0373567
    0.010394  -0.00315196    0.0732589   -0.0833397
 -0.00295986    0.0373567   -0.0833397      0.81431
ekf_.Update
x_ =  114.799
 12.5583
 2.11831
-0.66721
P_ =    0.0222871 -6.04353e-06    0.0433449  0.000620943
-6.04353e-06    0.0223408  0.000619261     0.037839
   0.0433449  0.000619261     0.245504    -0.064381
 0.000620943     0.037839    -0.064381     0.816617
ekf_.UpdateEKF
x_ =   114.788
  12.5567
  1.96667
-0.683374
P_ =    0.0140711 -0.000882035    0.0103475  -0.00282498
-0.000882035    0.0222054  -0.00286668    0.0374038
   0.0103475  -0.00286668    0.0730107   -0.0822338
 -0.00282498    0.0374038   -0.0822338     0.814649
ekf_.Update
x_ =  116.688
 12.1019
 1.84354
-0.29812
P_ =    0.0222871 -5.93806e-06    0.0433477  0.000607608
-5.93806e-06    0.0223408  0.000607645    0.0378357
   0.0433477  0.000607645     0.245174   -0.0629025
 0.000607608    0.0378357   -0.0629025     0.816994
ekf_.UpdateEKF
x_ =   116.749
  12.1081
  2.07684
-0.276336
P_ =     0.014064 -0.000847473    0.0103008   -0.0024769
-0.000847473    0.0222141  -0.00276751    0.0374519
   0.0103008  -0.00276751    0.0722359   -0.0786601
  -0.0024769    0.0374519   -0.0786601     0.815439
ekf_.Update
x_ =   118.952
  11.9997
   2.3262
0.0113285
P_ =     0.022287 -5.66685e-06    0.0433538  0.000580207
-5.66685e-06    0.0223409  0.000578388    0.0378295
   0.0433538  0.000578388     0.244534   -0.0599246
 0.000580207    0.0378295   -0.0599246     0.817648
ekf_.UpdateEKF
x_ =      118.92
    11.9973
    2.18004
-0.00132761
P_ =    0.0140599 -0.000828722    0.0103084  -0.00257574
-0.000828722    0.0222194  -0.00272979    0.0374474
   0.0103084  -0.00272979    0.0717309   -0.0762413
 -0.00257574    0.0374474   -0.0762413     0.815995
ekf_.Update
x_ =  120.699
 12.2898
 1.40639
0.485827
P_ =     0.022287 -5.50785e-06     0.043357  0.000564358
-5.50785e-06    0.0223409  0.000563379     0.037826
    0.043357  0.000563379     0.244221   -0.0584079
 0.000564358     0.037826   -0.0584079     0.817996
ekf_.UpdateEKF
x_ =  120.812
 12.3012
   1.929
0.540118
P_ =    0.0140633 -0.000845414     0.010349  -0.00286981
-0.000845414    0.0222171  -0.00283166    0.0374085
    0.010349  -0.00283166    0.0717767    -0.076467
 -0.00286981    0.0374085    -0.076467     0.815996
ekf_.Update
x_ =   123.56
 12.8296
 3.52325
0.541531
P_ =     0.022287 -5.55045e-06    0.0433558  0.000569593
-5.55045e-06    0.0223409  0.000569737    0.0378269
   0.0433558  0.000569737     0.244372    -0.059148
 0.000569593    0.0378269    -0.059148     0.817873
ekf_.UpdateEKF
x_ =  123.356
 12.8083
 2.59162
0.440987
P_ =   0.0140659 -0.00085781    0.010363 -0.00296879
-0.00085781   0.0222163 -0.00286464   0.0373973
   0.010363 -0.00286464   0.0720519   -0.077796
-0.00296879   0.0373973   -0.077796    0.815751
ekf_.Update
x_ =   124.904
  12.7779
 0.548536
-0.384718
P_ =     0.022287 -5.64889e-06    0.0433537  0.000579507
-5.64889e-06    0.0223409  0.000580163    0.0378289
   0.0433537  0.000580163     0.244592   -0.0602068
 0.000579507    0.0378289   -0.0602068     0.817678
ekf_.UpdateEKF
x_ =   125.208
  12.8089
  2.05789
-0.236286
P_ =   0.0140613 -0.00083583   0.0103199 -0.00267547
-0.00083583   0.0222216 -0.00274401   0.0374413
  0.0103199 -0.00274401   0.0719072  -0.0771016
-0.00267547   0.0374413  -0.0771016    0.815923
ekf_.Update
x_ = 127.847
13.3218
3.20799
1.04732
P_ =     0.022287 -5.57326e-06    0.0433556  0.000570861
-5.57326e-06    0.0223409  0.000570538    0.0378268
   0.0433556  0.000570538     0.244367   -0.0591244
 0.000570861    0.0378268   -0.0591244      0.81792
ekf_.UpdateEKF
x_ =  127.707
 13.3068
 2.62711
0.983489
P_ =    0.0140686 -0.000870903    0.0103765  -0.00302278
-0.000870903    0.0222159   -0.0029392    0.0373869
   0.0103765   -0.0029392    0.0721179   -0.0781109
 -0.00302278    0.0373869   -0.0781109      0.81573
ekf_.Update
x_ =   129.951
  13.7006
  1.86588
-0.025162
P_ =     0.022287 -5.67932e-06    0.0433529  0.000583271
-5.67932e-06    0.0223409  0.000583613    0.0378293
   0.0433529  0.000583613     0.244682   -0.0606338
 0.000583271    0.0378293   -0.0606338     0.817622
ekf_.UpdateEKF
x_ =  130.072
 13.7133
 2.29301
0.020428
P_ =    0.0140672 -0.000864098    0.0103584  -0.00293067
-0.000864098    0.0222185  -0.00285873    0.0374073
   0.0103584  -0.00285873    0.0723184   -0.0790629
 -0.00293067    0.0374073   -0.0790629     0.815558
ekf_.Update
x_ = 132.094
14.5016
 1.7878
1.31347
P_ =     0.022287 -5.73091e-06     0.043352  0.000587408
-5.73091e-06    0.0223409  0.000587972      0.03783
    0.043352  0.000587972     0.244752   -0.0609653
 0.000587408      0.03783   -0.0609653     0.817574
ekf_.UpdateEKF
x_ = 132.221
14.5156
2.30611
1.37509
P_ =    0.0140798 -0.000921356    0.0104344  -0.00334463
-0.000921356     0.022207  -0.00313462    0.0373312
   0.0104344  -0.00313462    0.0729353   -0.0819018
 -0.00334463    0.0373312   -0.0819018     0.814929
ekf_.Update
x_ =    135.069
   15.0533
   3.33499
-0.0279262
P_ =    0.0222871 -5.97069e-06    0.0433463  0.000613678
-5.97069e-06    0.0223408  0.000614768    0.0378359
   0.0433463  0.000614768     0.245397   -0.0639145
 0.000613678    0.0378359   -0.0639145     0.816927
ekf_.UpdateEKF
x_ =    134.989
   15.0441
   2.81698
-0.0876769
P_ =     0.014077 -0.000909595     0.010393   -0.0031033
-0.000909595     0.022211  -0.00300095    0.0373767
    0.010393  -0.00300095    0.0732704   -0.0834136
  -0.0031033    0.0373767   -0.0834136     0.814632
ekf_.Update
x_ = 137.563
16.2059
2.37858
2.02155
P_ =    0.0222871 -6.04582e-06     0.043345  0.000619524
-6.04582e-06    0.0223408  0.000620348    0.0378369
    0.043345  0.000620348     0.245483   -0.0643041
 0.000619524    0.0378369   -0.0643041     0.816871
ekf_.UpdateEKF
x_ = 137.613
16.2124
2.59233
2.05063
P_ =    0.0140973 -0.000994529    0.0105142  -0.00371863
-0.000994529    0.0221921  -0.00341329    0.0372534
   0.0105142  -0.00341329    0.0742248   -0.0875303
 -0.00371863    0.0372534   -0.0875303     0.813631
ekf_.Update
x_ =    140.331
   17.0169
    2.7975
-0.0567299
P_ =    0.0222872 -6.39554e-06    0.0433359   0.00065795
-6.39554e-06    0.0223408  0.000659521    0.0378461
   0.0433359  0.000659521     0.246493   -0.0686265
  0.00065795    0.0378461   -0.0686265      0.81584
ekf_.UpdateEKF
x_ =    140.347
   17.0195
   2.86758
-0.0468062
P_ =    0.0140953 -0.000987754    0.0104673  -0.00346442
-0.000987754    0.0221951  -0.00326536    0.0373064
   0.0104673  -0.00326536    0.0748986   -0.0903451
 -0.00346442    0.0373064   -0.0903451      0.81301
ekf_.Update
x_ = 142.891
17.9847
 2.2704
1.65791
P_ =    0.0222872 -6.55626e-06    0.0433326   0.00067195
-6.55626e-06    0.0223407  0.000673431    0.0378491
   0.0433326  0.000673431     0.246779   -0.0698144
  0.00067195    0.0378491   -0.0698144     0.815593
ekf_.UpdateEKF
x_ = 142.895
17.9857
2.50637
1.69291
P_ =   0.0141118 -0.00105276     0.01055 -0.00380075
-0.00105276   0.0221796 -0.00357762   0.0372227
    0.01055 -0.00357762   0.0757124  -0.0936011
-0.00380075   0.0372227  -0.0936011    0.812205
ekf_.Update
x_ = 145.392
19.1653
2.47212
0.82285
P_ =    0.0222873 -6.82164e-06    0.0433253  0.000701105
-6.82164e-06    0.0223406  0.000702239    0.0378564
   0.0433253  0.000702239     0.247583   -0.0730062
 0.000701105    0.0378564   -0.0730062     0.814795
ekf_.UpdateEKF
x_ =  145.496
 19.1792
 2.76299
0.863239
P_ =   0.0141204 -0.00108501   0.0105806 -0.00395148
-0.00108501   0.0221721 -0.00364009   0.0371949
  0.0105806 -0.00364009   0.0767808  -0.0977126
-0.00395148   0.0371949  -0.0977126    0.811143
ekf_.Update
x_ = 148.251
20.4723
2.76243
 1.5916
P_ =    0.0222874 -7.11291e-06    0.0433176  0.000730062
-7.11291e-06    0.0223406  0.000732056     0.037864
   0.0433176  0.000732056     0.248369   -0.0759988
 0.000730062     0.037864   -0.0759988     0.814021
ekf_.UpdateEKF
x_ = 148.223
20.4689
2.61793
1.57028
P_ =   0.0141372 -0.00114535   0.0106495 -0.00419369
-0.00114535   0.0221564 -0.00387588   0.0371263
  0.0106495 -0.00387588    0.078007   -0.102205
-0.00419369   0.0371263   -0.102205    0.809913
ekf_.Update
x_ = 150.687
22.1137
2.32262
1.69142
P_ =    0.0222875 -7.44927e-06    0.0433079   0.00076528
-7.44927e-06    0.0223405  0.000767124    0.0378737
   0.0433079  0.000767124     0.249394    -0.079713
  0.00076528    0.0378737    -0.079713     0.812998
ekf_.UpdateEKF
x_ = 150.722
22.1187
2.61229
1.74079
P_ =   0.0141576 -0.00121383   0.0107414 -0.00455258
-0.00121383    0.022137 -0.00411249   0.0370348
  0.0107414 -0.00411249    0.079708   -0.108105
-0.00455258   0.0370348   -0.108105    0.808169
ekf_.Update
x_ = 153.421
23.4934
2.76778
1.12316
P_ =    0.0222876 -7.88821e-06    0.0432946  0.000810469
-7.88821e-06    0.0223404  0.000813119    0.0378871
   0.0432946  0.000813119     0.250792   -0.0844969
 0.000810469    0.0378871   -0.0844969     0.811585
ekf_.UpdateEKF
x_ = 153.403
  23.49
2.68699
1.10874
P_ =   0.0141701 -0.00125486   0.0107598 -0.00454529
-0.00125486   0.0221252 -0.00421002   0.0370202
  0.0107598 -0.00421002   0.0811647   -0.112905
